"","subject","y","X_mean","X_sd","body_acc_x_mean","body_acc_x_sd","body_acc_y_mean","body_acc_y_sd","body_acc_z_mean","body_acc_z_sd","body_gyro_x_mean","body_gyro_x_sd","body_gyro_y_mean","body_gyro_y_sd","body_gyro_z_mean","body_gyro_z_sd","total_acc_x_mean","total_acc_x_sd","total_acc_y_mean","total_acc_y_sd","total_acc_z_mean","total_acc_z_sd"
"1",1,1,-0.33896101971616,0.470784997204493,-0.000598411659572368,0.258939983000235,-0.00343591268224342,0.187841186272941,-0.00308040846396875,0.130525200494542,-0.0555502911444885,0.46735526741317,0.0221323452675062,0.40023521346312,-0.0057427844143347,0.296053813664002,0.951557751408717,0.258096134870731,-0.337849416369819,0.186844654980539,0.0376397112492143,0.128557339046971
"2",1,2,-0.588662363339786,0.521098510602033,-0.000834898921163945,0.0348003156126977,-0.00193033643379127,0.0403199428471835,-0.00230245761473202,0.045823149840338,-0.0073938272101418,0.138954662864954,-0.000439498309564564,0.0796638451840515,0.00444729559077948,0.105953002905199,0.959982209596108,0.0337631204818133,-0.195359950734699,0.0370065652473882,0.0699509444973467,0.0412277813330003
"3",1,3,-0.44244400959062,0.490407660704415,-0.00481167284997369,0.16395012122007,0.00521465612966295,0.12678985109572,-0.00657175840112149,0.119935060560045,-0.0247310276327439,0.344563160211454,0.00919945616151307,0.28261228486511,0.00616230619560108,0.275606767799687,0.920097650717475,0.162850945527983,-0.150086592938329,0.123411664779955,-0.124163167009547,0.116824675368526
"4",1,4,-0.585053330171418,0.522721572787064,-0.000168925659831117,0.0458781236430803,-7.99119553869681e-05,0.0407981060476707,0.00011396243551629,0.0279441738546054,-0.0175343913704207,0.0933408534762296,0.00245826241176197,0.0857001139636123,0.00574725520927028,0.0717942351785304,0.749855132943401,0.0438152691487947,0.040738640568484,0.0389021054045222,0.255758498874801,0.0261578699261225
"5",1,5,-0.634778517274568,0.537491197624699,-0.000182935155975118,0.00697810421256666,0.00014715753495342,0.010639791182095,0.000970097969926592,0.0122907643963381,-0.00746392338213591,0.0229355004957411,0.00172113490805542,0.0255634884006621,-0.0118553143202368,0.0230299342914807,0.977478233918042,0.004945889406725,-0.230410901536498,0.00837681284402607,0.1757468104148,0.00876405139962856
"6",1,6,-0.578871333548536,0.527375186584824,0.00117859922186391,0.0487659460012525,-0.000372272800509187,0.0409765530283185,0.00027683917301375,0.0269445254006912,0.00168286378499216,0.10400605929108,-0.00986314118471937,0.092907030768937,0.0118977795792687,0.0753067602282294,0.268270731351766,0.0465042395496765,0.45823108326625,0.0402242808230691,0.469528501553641,0.0262339751705771
"7",2,1,-0.280078510338036,0.467042709663449,-0.000145270775869969,0.369792729099626,-0.000685809449602754,0.20284357505076,-0.000482767714586864,0.141902447695731,0.00680475583131621,0.632429416062467,-0.00537360199819915,0.379992803083229,-0.00857438226412871,0.392583243429825,0.992633570815678,0.369333341376732,-0.241114567590585,0.2020032030134,0.00885363410270392,0.140727908102655
"8",2,2,-0.568871076799048,0.517593476566725,-0.00154712060949023,0.0768344537822845,-0.000735933956932617,0.0510455529550892,0.000716606436927832,0.0456343660356957,-0.0203601757192187,0.148203507840597,0.00849071089226823,0.11148544049293,-0.00214417856625391,0.101639764814045,0.998645551416016,0.0763494316563008,-0.192495742926283,0.0496637962573903,-0.0555704965656693,0.0432306004064516
"9",2,3,-0.321369844562299,0.476871728850122,-0.00196600263262633,0.353389881118276,-0.00402723670618185,0.201593372170171,-0.00189933501110239,0.135982565306523,0.143726176482314,0.605508135197271,-0.0496665504658777,0.354807604567688,-0.0345257322717487,0.356366503799492,0.975792036103723,0.352647573757789,-0.267357299462533,0.200719897929969,-0.0443050589771714,0.133342919193892
"10",2,4,-0.634879451818026,0.531999254784141,-0.0012505878818913,0.0135057758774723,0.000123076994721569,0.0172252297155177,0.000958877126735734,0.0149534646994779,0.00354007663527004,0.0341866035702902,-0.00247437994330741,0.0340352289518377,0.0249471647888736,0.0309166802504651,0.261819252769022,0.00940702820903984,0.497907975641984,0.0131380748173276,0.62314741717731,0.0109851436634369
"11",2,5,-0.632740199079697,0.534566706612072,0.000422511506952257,0.0097495158429971,0.00383209891256018,0.0140478286980528,0.00123216033922454,0.0173155351407111,-0.0106379149534047,0.0274554553976457,-0.00309232107774512,0.0403694434169667,-0.00141740712391774,0.0286609331803894,0.905185872568866,0.00642523851320128,0.225978409043547,0.00960087958683857,0.323907233875376,0.0126827188690098
"12",2,6,-0.544760672755337,0.513963650505346,0.000307852958984472,0.0930324916131374,0.00218874196694417,0.0557120506053754,-0.00131804502044889,0.0453275616910748,0.0140344099481266,0.171322394647588,-0.00923376637417155,0.113348342030734,0.00795893936694076,0.129622362929783,0.290973123990039,0.0887824447998273,0.451547607453483,0.0549207567848496,0.569940240324121,0.0434112773723007
"13",3,1,-0.484903334221371,0.497338449987708,-0.000289874980438847,0.181297932808211,-0.00446962568807126,0.110164506749675,-0.000562226860778556,0.0807471467480338,0.0489162519904281,0.344571116666797,-0.00424125979061665,0.228350139230638,0.00348191013845744,0.223373439733095,1.00675432905442,0.180439845473836,-0.156654196887186,0.107928090312244,0.10286659935556,0.0764250581089689
"14",3,2,-0.623095376039138,0.528850029887812,-0.00597023724584568,0.0187468290068998,0.00102519241292293,0.0233006935032259,0.00139052165880339,0.0169038901516173,0.00166683086871425,0.0423983486985833,-0.0237176677395164,0.0514781900178413,0.022441948097987,0.0355760155377208,0.495237384871954,0.0109975802649221,0.243742556342809,0.0169835217630431,0.397267905564251,0.0131626437177892
"15",3,3,-0.622032684662185,0.525263662381987,0.000544150634074299,0.0151975004178712,0.00453525996889381,0.0251923309707159,0.00186471624404037,0.0211440620751708,-0.0180515252917422,0.0685248055319423,0.0172045648132156,0.0525933496241326,-0.0089041369431604,0.0457325257145541,1.01666709500957,0.0123894709767925,-0.00700876153106824,0.0172376196385904,0.105288331872385,0.0163069842766112
"16",3,4,-0.449127518273556,0.492250059958503,0.00103651881919351,0.17829655106646,0.00153378673272085,0.139894660987377,-0.000681414563164063,0.0711096941517177,-0.0222395449618089,0.400961801261145,0.000564925723527645,0.227086971437786,-0.00515840626914663,0.151433781694541,0.903529814059495,0.177940941230919,0.0539888599873888,0.13914921689373,0.155898059064435,0.0698156574910448
"17",3,5,-0.606943828410493,0.531508167277927,-0.00117384704759284,0.0352306232084733,0.00103522744336783,0.0308469340176995,-0.00110823261806327,0.0174672640053916,0.0115769210258977,0.0784326436290451,-0.0079794127793978,0.0597492382477251,0.0242559157992154,0.037228164241199,0.277071610596468,0.0301926099254278,0.702974617557672,0.0292784305418394,0.269542517549616,0.0161868600445767
"18",3,6,-0.383795300426629,0.484504149249958,-0.000935370409667338,0.289476400415407,0.000262918390196572,0.145851052126005,0.000219386228470262,0.100821554042351,-0.0213545582635497,0.512747876947169,-0.00217713371620464,0.274784333933839,-0.00946992600613911,0.244544118421395,1.00719950543095,0.288750544381706,-0.0905433531316658,0.144180112310227,0.125683792937429,0.0991153994423119
"19",4,1,-0.500632757492601,0.518799100910306,-0.000381333808279167,0.0902748500108983,-0.000320893095053125,0.0570520879394201,-0.000449590973644792,0.0822169481654165,-0.0141164282717997,0.165191533884402,-0.00175327800893281,0.378232165898696,0.00718353271024354,0.134375622719647,0.398824181889974,0.086636872767523,0.23525320350206,0.0561798652713631,0.509291085556354,0.0809714190291514
"20",4,2,-0.252385909380971,0.460051891997323,0.00100897007435397,0.291261500546261,0.000244807266757812,0.178278081044179,0.000618260544296755,0.213081087833335,-0.00857558709324069,0.45571542772956,-0.00282713508900541,0.837446155810966,-0.00270809295873197,0.420322762061323,0.979299333488582,0.290577429784407,-0.123200264823932,0.175428201190703,-0.204643006531505,0.2119639705534
"21",4,3,-0.314455296040467,0.47980867188911,-0.00151206287688889,0.217623688676442,-0.00297183783351215,0.142073025257111,-0.00380660585152674,0.183480429905077,0.00806369852871702,0.391179709273582,-0.00583886384364583,0.806855052451837,-0.00423494415278472,0.330580177125226,0.866517564975694,0.216639321685706,-0.0640007580247743,0.139591235864719,-0.0264165505327326,0.182112835238271
"22",4,4,-0.636701064810579,0.541845153896584,-0.000459481162344703,0.00502686843134099,0.00156284402143344,0.0078199374406829,0.00104659883608812,0.0123297866376182,-0.0132362719370118,0.0388072947246555,-0.000457145647045313,0.0297426287753593,-0.00546662182510834,0.020198928720829,0.974841945546875,0.00387462067307509,0.056483633775,0.00610975286775668,-0.066512603874375,0.00992019062011521
"23",4,5,-0.590506661141598,0.524737950646837,0.000165214202753348,0.049648689101475,-0.00171918670427358,0.0362459737854943,-9.29434881141184e-05,0.04567294858008,0.00366492702268669,0.0969805591694033,-0.000704013453825335,0.127058124889782,-0.00584353146349375,0.0899752437983379,0.981702399037388,0.0486252328281659,-0.0766868447251736,0.03486703631442,-0.188010275855301,0.0427405733117101
"24",4,6,-0.626253997098923,0.543763858668666,-0.00108367465139498,0.0109704199101125,-0.0014759920601033,0.0144120587419674,0.00137741843825897,0.0207994569541396,0.00305528085343429,0.0240125824710526,-0.0059711856903015,0.0495441804804257,0.00344518245419792,0.0268493949262778,0.521759993648727,0.00615484850478363,0.28158112355,0.010496971149517,0.456019319866609,0.0151832560523481
"25",5,1,-0.627263647698325,0.533467700767623,-0.0057844339917502,0.0144859849866012,-0.00300411581905929,0.0241832305550238,0.0107305123100225,0.0271641595864796,-0.00603878352840039,0.0389847395086756,-0.000864997661770368,0.0467838837848989,-0.0018159939983743,0.0392430997734838,0.936165952134487,0.0116874735507366,0.0671873016092494,0.0155310465268204,0.0824369228881696,0.0199795047726466
"26",5,2,-0.534254573772449,0.514160122706351,-0.000671372468196476,0.0937404594703545,-0.00368547804277194,0.0635149514957572,-0.00355095441723903,0.0604539950972851,-0.00887646049823138,0.20954761368991,0.00151981077510539,0.190854171672388,0.00946675207256317,0.14279635082866,0.301658480519441,0.0900630665371981,-0.0174055822060539,0.0611847025195738,-0.0774799053303358,0.0579878071336297
"27",5,3,-0.638125492761583,0.529396436217648,0.00118841741939727,0.0105245689334605,0.000327511220927527,0.010018841517406,0.000559150678874335,0.0120595556455171,-0.00541977140345512,0.0314184369487471,0.00845417499754588,0.0380182793473064,0.00797259588461802,0.0199805482956756,0.478137990734807,0.00839886163522458,0.233401001464604,0.00903375806921613,0.298499070028923,0.0110904123365395
"28",5,4,-0.400759178905283,0.479327947135801,-0.000639695713252841,0.268286753969142,0.00157297244643821,0.123098585135721,-0.000713729692933239,0.143604136066482,-0.102051725771147,0.582736229383812,0.0112549756218928,0.48109601068479,0.0211652053262962,0.377902891992236,0.9782235890625,0.267666488065362,-0.000760478342666902,0.118065293252584,-0.19996791996994,0.140430017400628
"29",5,5,-0.367290904894042,0.47220396484715,0.000646045401777623,0.270006429203397,-0.00114222331723214,0.129128268333755,-0.000571305172433036,0.176602010027101,-0.0524411446581473,0.443619229377505,0.0046593505398577,0.410384534269365,0.00952883871863839,0.340598122186912,0.963953658775112,0.269526691179557,-0.00903335111364397,0.128289623991931,-0.0754461811967522,0.1759576061796
"30",5,6,-0.452303803539181,0.494467392873394,0.000716903330745193,0.200980527042874,-0.00533407160695613,0.0993326733889916,0.00157627936657302,0.108814121587951,-0.0851470826233777,0.388161310541525,0.00499657807789363,0.320788508893446,0.0165981958894211,0.286946410956816,1.00012728425481,0.200595864531064,-0.0808068625467909,0.0974085196353519,-0.105280836340655,0.105412914058544
"31",6,1,-0.631530850104853,0.533006786888006,-0.00312134557334238,0.0122549252211376,0.000172118875604715,0.0143784137885602,0.00283691981999915,0.0142433776424605,-0.00866622015881187,0.0264784721360654,-0.00042760838389079,0.0351806461020222,0.00804641773257484,0.0274047773038384,0.785286434242736,0.00725070170790331,-0.0809353339334868,0.0104753865103818,0.273373344199594,0.0109036885551942
"32",6,2,-0.36244460438375,0.464109761147052,0.00140233104153339,0.269383075516624,0.000322789050753676,0.136383116877268,-0.00131483887353401,0.117769232740104,-0.023452449597212,0.406182287195059,0.0082590985628799,0.472182498871858,0.00814651187948223,0.37251804082627,0.981041750375306,0.269019968262966,-0.0714899026080116,0.135761322172944,0.0138881951219393,0.116430921601611
"33",6,3,-0.593387071340098,0.52228800654642,-0.000437379226299479,0.051473601276083,-0.000118567061933236,0.0268104507986124,0.000753565055399414,0.0259187390019046,-0.00557095059707031,0.0747583216099844,-0.00749477642879557,0.0902381180586708,0.00768028820667754,0.0717739435790327,0.181648038095492,0.049048430609651,-0.269899797546351,0.0255369691642258,0.427798489432783,0.0248287719948171
"34",6,4,-0.367316017008032,0.471062590951739,-0.00247085098330284,0.262354404253873,-0.000300649425313636,0.152766423056509,0.000311478022491477,0.14175543989709,0.0797487129688935,0.516998863450595,-0.0258255997843778,0.635724876006459,-0.00165723568599403,0.33000145524717,0.998810637372159,0.2616678380907,-0.0779784252615881,0.151637892087145,0.00294391006103722,0.136239305596032
"35",6,5,-0.297819293572708,0.463786047411895,0.00225433404328399,0.338255958477797,-0.000710832710376919,0.175055540276055,-0.00179737566108553,0.138420324137699,-0.0313849787719024,0.584817682505737,-0.00383488927644189,0.566071353239305,-0.000422842360663378,0.409058409705744,1.00687590437226,0.337806017622754,-0.0574445211731497,0.173969894420621,0.0395435847571793,0.135143616033802
"36",6,6,-0.611027977511393,0.525396375942616,-0.000611523706643777,0.02754988255999,0.00162321920067209,0.0282354421537904,-0.000989318095935252,0.0250655347408946,-0.0175958108185238,0.10827587350286,-0.00580511480021409,0.0941247204464372,0.00210366655706963,0.0533530457661843,0.978437073286732,0.0265358588278505,0.0126205029316064,0.0237621560117759,0.0485198766960302,0.0213123872135754
"37",7,1,-0.634717184029223,0.53488856415797,-0.000628083117773575,0.00785946605127635,0.00078687962094449,0.0131280736849386,0.00299316051519901,0.0157733987331324,0.00116537191365378,0.0247382310933482,-0.00625915343325918,0.0285994355178772,0.0105323373303259,0.0246864962039065,0.858513946954496,0.00582797670117327,0.181384475075578,0.00755453367509077,0.0684555472778372,0.00885039906254514
"38",7,2,-0.3851893212265,0.478523290320511,-0.000416269315811887,0.221475855062106,0.000564968094738051,0.140243739590698,0.000559053769730392,0.103658313246391,-0.0301191570878287,0.347216453415067,0.0100014083390196,0.468131619124247,-0.00236640947660815,0.221810042179859,0.858735251254596,0.220824330820479,-0.0478468012826287,0.139393270485246,-0.00269020738820466,0.102236348059544
"39",7,3,-0.629582408902415,0.541223419851654,-0.000863422700870346,0.0117569636287295,-0.00168057187450824,0.00936612925959081,0.000235287097106715,0.0120927498706556,0.0110758413316712,0.026324773580583,-0.00459224271739362,0.0317237320420633,0.010183993026129,0.0185367870816252,0.158211577722733,0.00796057502830966,0.728529764511303,0.00683364551200088,0.312908735008311,0.00879748793958624
"40",7,4,-0.454259660534767,0.490620935121377,-0.00195785266107617,0.187596303520868,-0.00533176060153092,0.131532049308576,0.00164870408316243,0.0942501501339648,-0.0594589851160644,0.351958251288634,0.0192235800402181,0.329835154764772,-0.00315714058198242,0.261711453762374,0.999733735904948,0.186341744286072,-0.24155597027627,0.129101023165482,-0.0601560394776237,0.0881819768242173
"41",7,5,-0.335222687847106,0.479958961611078,0.000126659418127948,0.318402959022859,-0.000632563048682194,0.184826715586492,8.34613361291273e-05,0.104966590237457,-0.0700582309407695,0.54066966218338,0.0118907313563694,0.390156032557493,-0.000459119730925707,0.323191696911094,1.0062083906987,0.317797382776024,-0.182162871875389,0.18343253830533,-0.0693245973627358,0.103304714461103
"42",7,6,-0.630291117682094,0.532836726703746,-2.12597375225362e-06,0.00646181002854682,9.05441952325721e-05,0.0144478335196364,-0.000960356383406851,0.0108184162014823,-0.000224806503295342,0.089732749930211,-0.000960971112304687,0.0324326114063963,-0.000800868407817007,0.0237033560095662,1.00345720247897,0.00602917722650096,-0.220707295679087,0.0129115422865294,-0.0938920172423888,0.00949509778155288
"43",8,1,-0.606720415895238,0.523181303542947,-6.37959344496093e-05,0.0396911253462902,0.000469749797969401,0.0449329040909234,-0.000857657086938249,0.0276815111327083,-0.00319918783680013,0.110797718417818,-2.79750041373697e-05,0.0855857021199043,-0.00164234223101725,0.0788204024068382,1.00339305861003,0.0390695652843267,-0.210656747729655,0.0428235099781188,0.0545147972265951,0.0259537214625997
"44",8,2,-0.644094941183373,0.539865177701076,0.000750931085353087,0.00493404490735593,0.00157196307233392,0.00656601663921534,-0.00102074545469306,0.00688056881014413,0.00130247093212043,0.00924796889410942,0.00341636841271799,0.0124279898026327,0.00468419979732355,0.0158285273548167,0.785670892740091,0.00302215401427656,0.337718233894569,0.00558952285390926,0.187714396461509,0.0056355094584407
"45",8,3,-0.643487665219394,0.534255726546367,-0.000733673204381579,0.00408706449927024,0.00416392911680592,0.0120085895096743,3.59080615914474e-05,0.00881936977130508,-0.00632538552430674,0.025484548912082,-0.00150639976918709,0.0162423144771259,-0.00707209931486184,0.020625749727064,0.991721237068257,0.00300962847974278,-0.0438729205647615,0.00715261756285168,0.0667626638365543,0.00643803010033833
"46",8,4,-0.32618854978483,0.465526802690379,0.000445879008355978,0.266685300395717,-0.000196412248498302,0.183641172864513,-0.00163254215524457,0.144322705296981,-0.049627181370805,0.567032489950072,0.0111827925797554,0.572393057941593,0.0155285607971637,0.315316049373211,0.991767239453125,0.266066937035964,-0.234281580873098,0.181399387825876,-0.0922470253969667,0.142010363020106
"47",8,5,-0.440310275108351,0.496678124294485,0.00201027641825236,0.144082771141116,0.000506868389435764,0.117950770059623,0.000878592654403067,0.0943269175928554,-0.019103825533342,0.315192056026677,0.00588955929502315,0.35285603141378,0.00405368501446846,0.198566188222316,0.70083437776331,0.143342711619738,0.194538333715538,0.117395272837879,-0.00561356214360532,0.0928887125628764
"48",8,6,-0.386826831631719,0.476913922444188,-0.00277629018012731,0.254761193296019,-0.00535800510368634,0.190524497936182,-0.0045405469327827,0.143056803942267,-0.127200147875376,0.444767267883336,0.03683419242068,0.469171483487133,0.00725021679602141,0.377984704707261,0.946230720891204,0.253922577921831,-0.316242285661024,0.188493943562384,-0.17373285120204,0.140625659951785
"49",9,1,-0.572019832450138,0.516758291901281,0.00129083454900807,0.0852764946299639,-0.00223285136065775,0.0692072194768317,-0.00555940096972882,0.0657626998895487,0.0261320785842768,0.228001890360282,-0.00656927672491211,0.201275367575887,0.00785267592775421,0.103002808515494,0.921469300135216,0.0824447749057546,0.0570731684636418,0.0642857190357841,0.275972640563401,0.0577961288888797
"50",9,2,-0.631228449901312,0.536549796608021,-0.00766848736301371,0.0142133708225739,-0.0228487265763394,0.0243575450723959,0.0105707515418087,0.024198798758075,-0.0280772389636558,0.0471825996312758,0.00192514230109455,0.0221205476563896,-0.0107923697413286,0.026272863598907,0.657013233738042,0.0139191749808736,0.240069508681633,0.0273280526125596,0.220702479914222,0.0277788639294967
"51",9,3,-0.603535414529696,0.534879939611479,0.00611674547634077,0.0288959138214561,0.0248322138617375,0.0538381993854288,-0.00786941670895145,0.0390553834689895,0.0496688721229083,0.0921525714544402,0.00400778234135621,0.06549211324194,0.0354753655107615,0.046959952630298,0.623182855123586,0.0251944506893588,0.118816511442708,0.0606342633754009,0.295342613828473,0.0314264005641333
"52",9,4,-0.433499906379128,0.48223422715477,-0.00230954868014438,0.19675067362501,-0.00197215688418438,0.144059939930542,-0.00046608780832125,0.132216633740155,0.0447927131329797,0.433698616122797,-0.00372452779742344,0.370985528698007,-0.013743847563225,0.31981059877695,0.95423006253125,0.195875715335968,-0.130082678323134,0.141045744764304,0.0310167120951875,0.130405863700223
"53",9,5,-0.355626832585262,0.469016135056298,-0.000132460312713542,0.217215889881245,-0.00342530768947917,0.165523073125351,-0.00172263003442014,0.163773142364773,0.0356470467126913,0.505452606009354,-0.0100444561681441,0.545967077697904,-0.015618808936724,0.319408528395587,0.936785537482639,0.216344501733308,-0.0666942567688785,0.163042658196198,0.0385819540890278,0.161369674587445
"54",9,6,-0.551936312361476,0.504756599200033,0.000381013042585594,0.10873695543063,-0.00208072689588344,0.0722033942414282,-0.00169802517370484,0.0555232377270741,0.0262508734482397,0.284702802818977,-0.00532473745507656,0.190185714056633,0.00407366474869687,0.134788794840752,0.97234422078125,0.107922749730211,-0.103871350533703,0.0702006929463115,0.30374791038125,0.0528747073522927
"55",10,1,-0.553642761018812,0.508219883021781,-0.00130530122993691,0.073611253476128,-0.000666379414421285,0.0776367951049527,0.00179668433571993,0.0555647819403876,0.00489346241149057,0.262138486910081,-0.00446627967743072,0.166284769908004,0.0133395348703903,0.109228491235981,0.88720004993809,0.0710744750878756,0.0175245807194266,0.0766567750178488,0.177240884994574,0.0538833427825311
"56",10,2,-0.470429417477454,0.490499834599597,-0.00108322375472207,0.1721987191347,-0.00176644732721177,0.120616714403033,-0.000362025519850399,0.102599580723809,0.0617091735872615,0.412491632424892,-0.0162282454219382,0.324308167605709,-0.00498012847676031,0.22022647335402,0.784959533211436,0.171245259180395,0.0495807693977394,0.119264101425963,0.158957659638886,0.0992995304409929
"57",10,3,-0.526336127472545,0.513916990475136,0.00148676632092229,0.139972272291161,-0.00140592354715543,0.0829958859487021,0.00121759239418133,0.0531933033850315,0.0426210216810629,0.333698673688675,-0.0157147026556435,0.20558661457923,0.0168665416110037,0.138596816266729,0.443257387528783,0.135901223940239,0.362658320770543,0.080814989544979,0.360961677999507,0.0509892982914073
"58",10,4,-0.62803501395655,0.538300273430603,-0.00227785828043388,0.0124454854812962,0.00181889949751013,0.0234480529764843,-0.000991067864595486,0.0183838705247037,0.012249662857908,0.0388955249426382,0.0013596974756684,0.027370004512563,0.00760400444011863,0.0224497526585522,0.630761362891927,0.0114868756954179,0.0991100445833912,0.0363755115965182,0.328890247904106,0.0194773602186159
"59",10,5,-0.579729965864347,0.517489958458459,-9.52779628728691e-05,0.0700274606617924,-0.000705943612555753,0.0587648124149653,-0.00176167700609197,0.0557549585549955,0.00834282676046165,0.185492551813444,-0.00165438936564631,0.188499253979164,-0.00362582931454368,0.0986164219089823,1.0120673435902,0.0693979089228306,-0.0529020743227983,0.0559796824964758,0.00324177652322976,0.0517411964813698
"60",10,6,-0.590846275530699,0.530364507403479,-0.00751151348491474,0.0361974885323638,0.00525477240285156,0.0432650874766144,0.00605932237895878,0.0507818968945244,0.0174383690272713,0.137445940630665,-0.00051533670983028,0.0913426469625406,0.00313264736811288,0.0566876899138228,0.575638841218184,0.0346834343142342,0.460651710725329,0.0416487488682392,0.311550396292093,0.0515482446882416
"61",11,1,-0.441793767652402,0.481939205964927,0.000650302823411017,0.218445066980857,-0.000301953573342161,0.128794069694384,0.000622048281365201,0.115625120426612,-0.0322448697532045,0.34168527837198,0.00872661044990996,0.353369585122317,0.00531702987277807,0.251378406758677,0.987192695087394,0.217793404490077,-0.235515839794915,0.127128454953417,-0.0664980948099444,0.112510178792742
"62",11,2,-0.559655935716623,0.509830070182757,-0.000133916893214844,0.100263979237532,0.000161245186639178,0.0667099807677151,6.67236242870371e-05,0.0623344990699083,-0.027637764185735,0.197560776396869,0.0123264323871788,0.162099220172265,0.00494322822574074,0.133309760516744,0.985115490422454,0.0995702957737149,-0.221669386697917,0.0648233578818667,-0.146443224656771,0.0601268250555329
"63",11,3,-0.46124980168185,0.488234547056548,-0.00209867196178668,0.204498119841811,-0.00248741068657303,0.134178978349096,0.000587734781238451,0.119029403659766,0.00557363994602582,0.40084991466865,-0.00308730179522758,0.342680556289087,-0.00254249609172894,0.274434934087579,0.967250401052989,0.203677960778859,-0.272447970443614,0.131485608246817,-0.107322364190803,0.115042205891983
"64",11,4,-0.64518636385785,0.539770825876696,-0.000492766689645784,0.00756319315489554,5.71678835869841e-05,0.00626511956519216,0.000503026092373231,0.00656839298643837,0.000967864108375354,0.0118340992183075,-0.00226619279453685,0.0176782516370162,0.00162877132007164,0.0112012294223214,0.387808522582547,0.00683638159927662,0.576484110681456,0.00586810437213642,0.38573080473212,0.00608532122495128
"65",11,5,-0.649508180903877,0.536281875880096,-0.000235759299805519,0.00342223272599802,0.00172329460582841,0.00509704001891573,-0.000232855732323471,0.00686686140962795,-0.00519275658858976,0.00838162032094068,0.00208869144827892,0.0106078309888943,-0.000839634268009973,0.0104946695751596,0.867723445578457,0.00294529529274108,0.166565127676197,0.00437620602824961,0.116323335294215,0.00529741199141545
"66",11,6,-0.502719828824154,0.49425076657684,5.4294400755484e-06,0.143494513456429,-0.000606387767898301,0.0955838121292328,0.000724381478264474,0.0671289204872616,-0.00501612440440515,0.193354023214985,-0.000187799060694901,0.268107519020763,0.00443933639675699,0.159805606020819,0.740661484059759,0.142579356046281,0.0168250179276864,0.095038408124234,0.27249927700466,0.0661130187759495
"67",12,1,-0.590972919528925,0.524502907215789,-0.00025878430448,0.062934421075433,0.00271004300941563,0.0449950078767912,0.00102598331877756,0.031845796698866,-0.00822057257069719,0.0992446674616203,0.00147072002892266,0.0811162179065303,0.00217248724254313,0.0774369155190376,0.99627621946875,0.0613430893800477,-0.100015216301483,0.038610119758196,0.073686155546489,0.0275224652004798
"68",12,2,-0.643411224706626,0.539272902481656,-0.000501342198031851,0.00909314624686223,-0.000146191017172566,0.00635568673372707,0.000908093991489333,0.00857705982052201,-0.000139056081642728,0.0126349730321537,-0.00719174118346214,0.0170421163101827,0.0186150727693369,0.0195397656649713,0.412558569522236,0.00372119932464618,0.551408506929086,0.00394601138498007,0.474576777602666,0.00530815781367104
"69",12,3,-0.647003052025542,0.536976989796874,0.000775340759961685,0.00434289105704374,-0.000684700450241848,0.00835481300487364,0.00015176432283373,0.00953090148508636,-0.00839912073182847,0.0109712572018786,0.00415067342229008,0.0157252702703873,-0.0207892778789201,0.0145987914431734,0.985544273539402,0.00296146687773405,0.0438488421263587,0.0043785493040977,0.135422133131069,0.00678314596832549
"70",12,4,-0.383068262783116,0.471839005093681,-0.000481831770649509,0.285020003274086,-0.00113375229479473,0.16134268227792,-0.000436006273529412,0.120223687690161,0.0504277020495404,0.465335674223383,-0.00977758493643995,0.341686346130904,0.00367139455442708,0.322832204755572,1.0073811904565,0.284360390886331,-0.133159393227742,0.15955382765042,0.079154182501685,0.1189567924726
"71",12,5,-0.448205541656598,0.48862633516172,-6.03182070014343e-05,0.199155273205387,0.000646422841627818,0.109472843091452,-0.000128544703580174,0.0897911974889931,0.0137841037979582,0.353324557699907,-0.00549588666328637,0.250434625494943,-0.00332892352044723,0.230539143692843,0.705794392578125,0.198569960618871,0.165643311460756,0.108581786366192,0.241980373661644,0.0892378117399926
"72",12,6,-0.441731196283806,0.487956247750088,0.000678148590073698,0.235561618958335,-0.00303844103564974,0.129275957868644,-0.00361899774568758,0.0922091768655059,-0.00638787122807813,0.362395725966165,-0.0015085034375151,0.270260756659879,-0.00827659352813122,0.256386177539466,1.00763601364583,0.234886873006221,-0.160261333185505,0.127437011863468,0.0473066727916849,0.0905610742883812
"73",13,1,-0.352513150820967,0.476367280978541,0.00140486451789885,0.309607757928342,-0.000768534003248355,0.15518836183486,-0.000884146768359375,0.134056575406239,-0.0606471707893366,0.473241234100685,0.0178726280260387,0.397675267432339,0.0167969937370669,0.365960255755986,0.997937051493969,0.308930636297171,-0.17136921618199,0.153768001962139,-0.154765203084105,0.132725410055484
"74",13,2,-0.577968278098468,0.519732186553966,-0.00114754881653432,0.0599139063225658,0.00144538911205185,0.0535744551126893,-0.000666066368112216,0.052663783634755,-0.00670699334521903,0.136632511690543,0.00101822342154886,0.106693719693228,0.00357118188500795,0.12944064848283,0.976664886505682,0.05886648623896,-0.163321389552983,0.0503878466397506,-0.110943932493878,0.0489040324931643
"75",13,3,-0.484522752200965,0.499269454636065,0.000317369050022275,0.175936786328144,6.80461235455438e-06,0.102569421090022,-0.00456084635441423,0.0978034431186432,-0.0909478463138401,0.279144083999937,0.030970265070379,0.23273502015713,0.0289324954929521,0.255539783915006,0.976984626645612,0.175405169938213,-0.197094616613162,0.100500314839913,-0.204286969811104,0.0964228891917236
"76",13,4,-0.640673169139337,0.538488665166733,-0.000454783885281409,0.0132528196489775,-0.000231314527699777,0.00710170630242303,3.13320917424107e-05,0.00853407327319345,0.00353243698537324,0.0200263954965275,-0.0091127237516773,0.0185316644127491,0.0185581620317994,0.0198249532258405,-0.00958996529038584,0.00959446298083614,0.563734338703141,0.00661657234895022,0.812158877611671,0.00748424487887822
"77",13,5,-0.648887455390641,0.537367695737417,-0.000412581093976861,0.00406072508970113,-0.000203328995838185,0.00448030633515279,0.000571677819086075,0.00624865548082922,-0.00534231466349973,0.00903137286931982,0.000212973732792215,0.012571100859625,-0.000239825627239556,0.0116569490899237,0.743058073675987,0.00355104904696133,0.259176117032621,0.00411799053158028,0.334523255330318,0.00554307599897402
"78",13,6,-0.430578799419958,0.483236503985391,0.000100876971292843,0.188320465839041,0.0004802761999094,0.112443722796335,-0.00152719144182901,0.101972153368335,-0.0682442684770025,0.298030610364179,0.0159284197648664,0.263927511281216,0.0117154169012235,0.292554742842693,0.786750411275202,0.187743927879538,0.00527290542516633,0.111730926974064,0.0975960931077102,0.101196700839257
"79",14,1,-0.557822190237956,0.512824912927988,-0.00357189276188869,0.0632716095797898,-0.000404712048420021,0.0606580708916755,-0.000293758755105138,0.0439011295514519,-0.0113439394341957,0.173620956027312,0.00487912025213295,0.190359338551207,0.00335821017670644,0.114295255002323,0.251566139484057,0.0626025284933352,0.601778627728814,0.0600786718022946,0.287328794484772,0.0430102281720535
"80",14,2,-0.287324554112973,0.470889186959127,-0.00104190107138021,0.317768522236534,-0.00121345288655527,0.247868490945495,-0.00283092145945312,0.143655750796069,-0.00162054227708333,0.59281862110166,0.00447035116100984,0.646293406183445,-0.00909445012715567,0.559872613618406,0.953103563266782,0.316847767630168,-0.323148500563788,0.246453424948512,-0.0913352032058883,0.141881986147243
"81",14,3,-0.239052600740122,0.463017800039821,-0.000142656490555556,0.296313968702913,-0.000513417098881944,0.271782085362463,-0.00111935218947917,0.150511282518122,-0.00619452524895833,0.699515320774645,-0.00228282993541667,0.839341628996342,0.00424931312131944,0.429644303593731,0.973526723246528,0.295904348045981,-0.313011303707014,0.27134724987985,-0.0465707206309132,0.149780268530008
"82",14,4,-0.637317348909799,0.528634339804011,0.000694872079361603,0.0080493738009557,0.00275338030978819,0.0131856914564342,0.00246408523033449,0.0147209885951267,-0.00703619640268634,0.0438048140472075,0.00336217828263426,0.0413890527763229,-0.0113635169326814,0.0290300535054179,0.960390156148727,0.00626961651835499,0.010161931458969,0.00905023500051649,0.157602085129608,0.0107144483728025
"83",14,5,-0.573442783129135,0.514677732967187,-0.000837380202850156,0.0570872562323677,-0.00241277665185378,0.0498032833562607,0.000541378863922135,0.0414670428766971,0.0106458261085776,0.152336526330459,0.00174220327182812,0.172142405787771,-0.00291900374058961,0.12999153431928,0.965019841354167,0.0563143641866174,-0.298185249976562,0.0473974244547253,0.0100951806219492,0.0388008757461104
"84",14,6,-0.637279820462616,0.526169385401241,-0.00682767986892249,0.0161853020853344,0.00210228857220588,0.0139844702538839,0.000868159670685662,0.0137213575908405,-0.0014845609850962,0.0216852036427739,-0.00790797384800368,0.0346497014444002,0.0150922349601477,0.0298509906419641,0.527880311011029,0.00776598332462748,0.371266326568636,0.0103997451915354,0.28138382535242,0.0111057171310311
"85",15,1,-0.637621816923791,0.535503777833547,-0.00041922592348452,0.00866499329038617,0.000675345421935069,0.00772514807900821,0.000499740104270833,0.00896315213261226,0.00402831278737427,0.0173923240738786,-0.00482593911934172,0.0317208221150538,0.0063795742984537,0.0177315562429607,0.493510139031921,0.00620892694863692,0.472867949211516,0.00630126741268095,0.38353521305923,0.00742974225070746
"86",15,2,-0.459178826214064,0.490928950704604,0.000601303227308919,0.158186546494628,-0.00177537549689004,0.112260913551221,-0.00168232962232422,0.104848624167774,-0.0259820224058561,0.292016540729785,0.00415876938058268,0.299118142000408,0.00214110633871468,0.221023191395774,0.798484879801432,0.157331626895585,0.121081477750648,0.111414985303028,0.0524051062955501,0.104037604491317
"87",15,3,-0.583207635429967,0.522690861843116,-0.00145106884795647,0.0537361109095773,-0.000604873634392113,0.0392242067096888,0.00157808333545387,0.0400097206515063,0.00762072526845647,0.0964380137897197,-0.0051326158762128,0.118998248042718,0.00623042530625372,0.0791020284030446,0.326524058102039,0.0494864580280708,0.5306575672016,0.0386365314462703,0.462676395946652,0.0383983841781017
"88",15,4,-0.558258259592735,0.511092290433283,-0.000316146926459216,0.0849256776095388,-0.000985218366935381,0.0666876834791454,-0.00208979790369571,0.0616706829466915,0.0391311645291419,0.169352756100327,-0.000741738908227754,0.139156367769053,-0.00897801267120413,0.14610421808857,1.00544651136123,0.0843878699131971,-0.145215058826536,0.0637415774851091,-0.115734682243957,0.0587135452497159
"89",15,5,-0.369620931081745,0.472658945901231,9.68761479245281e-05,0.266962468501997,-0.0015899197192217,0.170298886525984,0.00163821365648953,0.133239524364797,0.033314342503066,0.436489840412085,-0.0215049975503803,0.525515681720677,-0.00164548604596109,0.414640520926129,0.955658478042453,0.266400750246079,-0.275334799835841,0.16826046942849,-0.0688201132798305,0.130360910483813
"90",15,6,-0.642704977700474,0.531541664895497,-0.000169079401072936,0.00469846947964582,0.00226203146554798,0.00934851018459772,0.00195285277131207,0.0118858026255166,-0.00324019401999479,0.018246197621199,-0.00120773914170605,0.0169509634315548,-0.00147249277525901,0.0143927233753123,0.990325074913194,0.00404276550481901,0.0840400334711372,0.00739827773915713,0.0398601811784722,0.00822105705757532
"91",16,1,-0.626241076304614,0.543830081181785,-0.00517530010865257,0.0128860943642941,0.00915362860655735,0.0151510386615351,-0.00556611766777451,0.0227533388710023,-0.0189015814970928,0.0494922498761083,-0.000197618455721323,0.0333715811131301,-0.00506564397114583,0.0383535573516093,0.739417997588848,0.00971126372191373,0.375517648558517,0.00941098629906606,0.272706027816345,0.0151352433522598
"92",16,2,-0.326941164851558,0.456063790213439,-0.000232713803424939,0.229735287038888,-0.000171063159004289,0.186112236821092,-0.00155743236231265,0.132743082412,-0.00322039429799326,0.458826252460333,-0.00259525400875153,0.705474526943799,-0.00154037303941942,0.310834632175838,0.949705148161765,0.229430320804381,-0.25578898703462,0.18580961528773,-0.0332372145661703,0.130538271094452
"93",16,3,-0.497484484887459,0.508198812203986,-0.0106018662519099,0.102595663059598,-0.0145193314543391,0.100017301401989,0.0062367554813243,0.0713194019759798,0.0110266332268085,0.24456810735372,-0.00094704349152593,0.288042446737271,0.0124507613286104,0.144605634455468,0.444809305935173,0.0978720123337703,0.300829914433278,0.0961720021979374,0.271585860984043,0.0668047500469772
"94",16,4,-0.429122615580064,0.482454521014106,-0.00165979414510077,0.210333443054766,-0.00243803126622622,0.144726508471515,0.000360401928581295,0.140775525278134,0.0730361960031658,0.377028827789664,-0.0228821569856386,0.495757623389474,-0.0104119125930707,0.263193750728166,0.981431883899456,0.209433901678632,-0.266477119668207,0.142366253468286,-0.108763958401548,0.136414776159287
"95",16,5,-0.346970749325761,0.463283868053121,0.00176241177513221,0.259667894367027,0.000219948522065305,0.167319307509386,-0.000478887623223157,0.138481833029095,-0.0692970295859976,0.452610636455186,0.0187525976191707,0.57015722830774,0.00567209892058894,0.322646508090505,1.00866425307492,0.259056453282356,-0.180946295765072,0.166331718356764,-0.0790147208949978,0.136830593187313
"96",16,6,-0.617462325851414,0.535074353256016,0.000272748902126205,0.0310753327123453,0.000168337282917411,0.0256703796914771,-0.000470868091361295,0.0233580026890793,0.014470103767868,0.0616979891498404,-0.000804616093595982,0.0539313872765943,0.00245314409066429,0.0573327052706088,0.931238082232143,0.0304312157427825,-0.0792605731617188,0.0227903689507193,0.0632121369823772,0.0214174956553093
"97",17,1,-0.638955246728013,0.53029804193257,-0.000563136568668673,0.0102883556462714,-0.000850432717060963,0.0100103844081267,0.00158719293872679,0.0102547811481178,0.0142963102469156,0.029658933269107,-4.14039710384223e-05,0.0228462803884839,0.0137177292950038,0.0205676050708544,0.217449603739754,0.00979804593976698,0.795498784125256,0.00906452452526785,0.452047839241419,0.00968305721668517
"98",17,2,-0.377672065498334,0.470273705160212,0.00155420421188721,0.240158057096043,0.000100228888404948,0.15877415601057,-0.00227250502501706,0.112885620659219,-0.0523644677104492,0.478685375923725,0.0111889880393978,0.339166470599646,0.00567296347996094,0.25523241634272,1.00192614262695,0.239641459963725,-0.226234039571322,0.157979561488481,-0.123114812684185,0.110512706789183
"99",17,3,-0.392345916302339,0.472675493415209,0.0010051317316695,0.230572783759498,-0.00150922462004416,0.152999943184547,-0.00212859443657269,0.11010511162813,-0.043856861439375,0.429927092225028,0.0132585668788128,0.328265093493435,0.0067774300072962,0.251573686058899,0.980964995923913,0.230052328586901,-0.20621281074392,0.15212320981818,-0.117946508606456,0.107906923281915
"100",17,4,-0.522320812526094,0.501831558901773,0.000272987398879028,0.112153530971763,0.00171520890897729,0.0752459089252315,0.00272970667160662,0.0612739271571463,0.0205488493465332,0.241149526752354,-0.000895762357496338,0.233823010144298,-0.0112647391224434,0.164194034833611,0.992440354125977,0.111105307401109,-0.284210668560693,0.0724216641633828,-0.0278510625624341,0.0551405675499453
"101",17,5,-0.37365521247354,0.47763923065252,-0.00283382277811699,0.25617498420472,-0.00321492562341747,0.181348498537401,0.00129501714470152,0.144248845539674,0.0608875477994591,0.472750114324837,-0.0279782699249559,0.566033668560315,-0.0122458865837961,0.280100557900417,0.967440208083934,0.255268867160734,-0.337061385855349,0.17981564013281,-0.116566834230605,0.139681503041262
"102",17,6,-0.627417577037488,0.533531889986113,-0.00305991071532405,0.00966543053739584,0.00505320208889809,0.022137334313858,0.00283023150399776,0.0213528415721817,-0.0106471503813776,0.0362560915312251,-0.000495999892663732,0.03993744629058,0.00947261067576739,0.0355656426858509,0.929434431327025,0.00835819516148152,0.079288061497007,0.0157985253904841,0.12699369462456,0.0155882953111113
"103",18,1,-0.55124436776016,0.514418317558664,-0.000929704900679436,0.0857631913142461,0.000560849814035435,0.0614042116384408,0.000683250555520787,0.0522993658121973,-0.0300098170655561,0.168962199013349,0.000998334307321428,0.158349417687226,0.0154323046014286,0.132194045864908,0.411463740952288,0.0839657835258583,0.259923009513119,0.0594838252914735,0.46397839004029,0.0508799266523129
"104",18,2,-0.33622349976236,0.467881237222167,0.000814275973471174,0.315460428321837,-0.002905547713125,0.177784064003402,-0.00284096869044855,0.126266606630842,-0.121311377089903,0.537239784380528,0.0412858696617201,0.494934433744514,0.0196463198292295,0.355363639164416,0.979129899326509,0.3148771048296,-0.249606062012465,0.176261890094861,-0.170198305731276,0.12424041010665
"105",18,3,-0.37472896556427,0.467476460963568,0.000759584429090909,0.269887609778534,-0.00251171612285199,0.159510400354467,0.00154869471850852,0.125539333662684,-0.0762345435850994,0.48043600274608,0.0271089675494176,0.430446542752551,0.00850050177823864,0.380071471067785,0.983924302372159,0.269213382708533,-0.243019371537443,0.157763819240971,-0.166071384268027,0.12396251588595
"106",18,4,-0.637699215276807,0.522209273036653,0.000133648676935033,0.00664208307989659,-0.00107199440030652,0.0114731563465699,-0.00127896316525411,0.0133810810332668,-0.00177463970331086,0.0223379970686032,0.000808347543807566,0.0349704135385766,-0.00107655076892681,0.0219787049732501,0.983793343914474,0.00644338488714203,-0.0945130883917489,0.00972378180820665,0.126562976538498,0.0115842022071633
"107",18,5,-0.595702870715877,0.514375150233232,-0.000380647232088934,0.0414788641119209,-0.000484807523416524,0.0415033659224544,0.000491250710695848,0.0361755875363204,-0.0112104535744593,0.148354137553968,0.00632012460603318,0.0959987204436338,0.00247174932526948,0.0841227552941754,0.989945930094178,0.0407215999005161,-0.204955995613153,0.0384071447354966,-0.0270565207420955,0.0323125648234635
"108",18,6,-0.6437920863586,0.524139888684053,0.00042804124292137,0.00818138616646778,0.000130400516421635,0.0114049405766409,-0.000403489728895553,0.0121123665187328,0.00646115603641659,0.0439030870543235,-0.00158011869008257,0.0308237970452116,-0.00474347678518572,0.0237814641471758,0.261148032338942,0.00677084186782263,-0.175851810324519,0.00955342356517047,-0.46099665588101,0.0104131517439795
"109",19,1,-0.345214114816063,0.472322565399785,-0.00171301358291767,0.312910006163736,-2.62670149173677e-05,0.192455040595619,0.00121805147522236,0.111611922709491,0.00488080932911659,0.468177727938611,-0.0108650744504988,0.410742845132302,-0.00882361908157151,0.354850730629526,1.00997823117488,0.31225105995755,-0.112868747163263,0.190973282489221,-0.0110427735142728,0.109704485711779
"110",19,2,-0.490007710543739,0.499358569561487,0.00134959189585117,0.170555038795386,-0.00376982744161758,0.107578644248505,0.00024573585984375,0.0745302095730583,0.103287543302209,0.253078260206715,-0.0115440474247773,0.252632698151322,-0.0127733305146445,0.202598250647371,1.00841251876953,0.16992998431636,-0.19131934019166,0.104994809635005,0.0456493861200672,0.0700129711689279
"111",19,3,-0.404682714122249,0.483749605266845,0.00100607368073317,0.272146241992995,-0.00200209829453285,0.150303564897173,0.000628024458211138,0.0988499543032823,-0.033544041916847,0.366295007624645,0.000398766340108172,0.347095401897734,-0.00439810927473958,0.289909619013275,1.00519035835337,0.271597117896364,-0.156612336264463,0.14866594354407,0.0158448017442007,0.0955711955874039
"112",19,4,-0.628414892825036,0.53414793657417,0.000278299226777932,0.0086109123857939,0.00306984069129193,0.0170986164203197,-3.45499583244863e-05,0.0148358720025467,-0.00663283225250428,0.0351034958901548,-0.00161925587657613,0.0337048636603478,0.005695970957936,0.0294463140945585,0.73731651318567,0.00598924852340058,0.326728869446819,0.0107332760877548,0.166159513028452,0.0121751373283761
"113",19,5,-0.528086179354045,0.506267756305792,-0.000993958843351488,0.108410553637334,0.000316161636492851,0.0864386392613621,0.00113743813615047,0.0678605429476919,0.0336007973679307,0.261754850962952,-0.00435155290287864,0.176429769977549,-0.0134422347379208,0.141454983063952,0.99091719796661,0.107021759766249,-0.133553601749762,0.0821561152987845,0.00900519573690069,0.061606334532734
"114",19,6,-0.475659754604857,0.506094147229967,0.000883605068658019,0.165139444508155,0.000224335691740776,0.10936696822452,0.000352283854474398,0.0647832701980412,-0.0276338960424234,0.269293358713608,0.00380467274156739,0.23025070815571,0.00885563786546837,0.196355677896651,0.59524376114844,0.162331482807642,0.348137643400138,0.108464481184913,0.106108938829015,0.0632801138714438
"115",20,1,-0.363654569150135,0.46383435210416,-0.000426456380289522,0.265084008292059,0.00108509180846952,0.149273895658465,0.000900662471775429,0.133598806567173,0.00433908079396599,0.334266138075277,-7.17722456956497e-05,0.595379910957896,0.000760738169016544,0.272978839907677,0.98016683192402,0.264591467833058,-0.0702656196523407,0.148773283883157,0.108347159239049,0.132187969248701
"116",20,2,-0.369822030116314,0.485639860743608,-0.00139312528900582,0.292331566725574,-0.00615062492923254,0.147351577843706,-0.00168106234098652,0.190761369886896,0.131591893154971,0.574243628119563,-0.0356314793935202,0.752951359246717,0.00319234709690564,0.297944321489107,0.993303934160539,0.29107717766703,-0.200280992043827,0.145059672875838,0.0414196616401838,0.18464656019433
"117",20,3,-0.319802139719544,0.467130191737561,0.00126821467504167,0.375099822629372,0.000161169573654167,0.152197871902258,0.00342683890411806,0.143861798318035,-0.00965268189222222,0.636062922128895,-0.00543496351913195,0.481567241885818,-0.00405043575602431,0.3317616696708,1.00832400703125,0.374044849073797,-0.0614543908130729,0.149036036284665,0.0861662415921736,0.137180911739559
"118",20,4,-0.643765085867309,0.541085734858078,0.000502266676978954,0.00504075687706529,0.000364966875265625,0.00771280533982056,-0.000691495793954546,0.00848489816553772,-0.00919504559666461,0.0102906642666528,-0.00275758719556463,0.011634743308748,-0.00619000158415355,0.017440807592781,0.868690275149148,0.00283447226163391,0.230490915037992,0.00454403922814239,0.308579558515743,0.00516559439975919
"119",20,5,-0.612837070254086,0.526688965438707,-0.000718413615380458,0.0387375577592384,-0.0009578672774186,0.0274584657751187,-0.00167666800274422,0.0264121000044142,-0.0221921911305097,0.0847672349152406,0.00786805152440111,0.0778315626718298,4.18466913172089e-05,0.0665899361876145,1.01290444767765,0.0384318396300868,-0.0752236896123352,0.0261304177430248,-0.00962345458279142,0.025041330647081
"120",20,6,-0.624528245143965,0.540458103292314,0.00163634432426059,0.0256358139044445,-0.000109912148476126,0.0154624719840949,-0.000867939520193474,0.015841920212268,0.0118288243089966,0.0354095442229588,-0.00164031328845208,0.0537234617281212,0.0132062407914111,0.0307654175847243,0.204664855755974,0.0231055411002514,0.733146700157374,0.0149371585040206,0.51450837829784,0.0142424113860809
"121",21,1,-0.615389647194008,0.529466809117012,-0.00173220729780799,0.0243798010093703,0.000532093908666076,0.0212652258664369,-0.000602965909232019,0.0198165076890157,-0.00832589697504357,0.0634178477608778,-0.00228196835640264,0.0678807624664715,0.00364483305309796,0.0421196855532601,0.759607759786592,0.0197890681239247,-0.0491166856772837,0.0185892150555511,0.207086861803167,0.0175543559193381
"122",21,2,-0.484162103969131,0.499189116086643,-0.00416734808269847,0.108998139238683,0.00185067480443418,0.0704907224863109,-0.00350942039489545,0.11528432724065,0.0148386390752876,0.196296460932313,-0.018506397723763,0.274213141255497,0.0232699447769304,0.153662816665071,0.728534871575266,0.101041498920818,0.169306572746736,0.0672906085545692,-0.126333819693816,0.111884092362712
"123",21,3,-0.577664983224393,0.521442209765897,-0.000533890989666319,0.0451086468426658,0.000453248154708334,0.0352155553255207,-0.00129175424401458,0.0511576555576746,0.00663173056288021,0.102460645886759,-0.00945859446242882,0.128740660131749,0.00439029416340365,0.0711278711826427,0.504095921457089,0.0429093080316576,0.256147304206656,0.0322222641677422,0.299324695817278,0.0495848343528527
"124",21,4,-0.349848396096767,0.477942502098477,0.000676996795578125,0.267585997126233,-0.00185331595121875,0.1749787678829,-0.00204222117850441,0.0967405339668987,-0.0323785984865239,0.485795777504195,0.00782601140042555,0.484727686647835,0.00136158874438952,0.304405798737697,0.833368294825386,0.266844791627739,-0.0328925590257454,0.17378776717276,-0.0102537824330349,0.0951287463704177
"125",21,5,-0.482412845947476,0.502077727904982,-0.00131363587911196,0.117903247881662,0.00103447117724526,0.0959586410840456,-0.00239748874449333,0.0560077423643123,-0.00802273251283954,0.259246959828293,-0.000473258430397647,0.262766053177221,0.00707325457669119,0.166863638470936,0.742183632481761,0.114929118493882,0.212274397712816,0.0939026272639644,0.113988004595966,0.0539500232292605
"126",21,6,-0.460788597629668,0.502611240544563,-0.00144984202534097,0.199331173955663,-0.00139098609956615,0.120877105958733,-0.00177601918229635,0.0657271791465147,-0.0228430262686149,0.339359771257478,0.00779772362021667,0.27417779805345,-0.00820055879704731,0.222024257395651,0.999344774713542,0.197244989523531,-0.160884441092181,0.117405803670536,-0.0684979321704948,0.0594739269928417
"127",22,1,-0.530315371839641,0.515485302495689,-0.000915252548894192,0.0955032074195984,-0.00166633535303023,0.0833484754929531,0.000993990073440557,0.0439568454622637,0.0244683483339266,0.280937823613747,-0.0110615692264918,0.232279554655561,0.00527381989821634,0.128387252473665,0.332850326506624,0.0927741912959475,0.349820880670601,0.0817335855730455,0.445754480636889,0.0426422168152123
"128",22,2,-0.268792889905734,0.457542910389498,0.000411190715768229,0.29293367761431,-0.00372766494997396,0.206981947468693,0.000721166432738095,0.184690340123311,0.0858758448435231,0.577190341854462,-0.0340444245976004,0.716410552460823,-0.00322903946328125,0.373067132818785,1.00385098984375,0.29234635721647,-0.205231446131657,0.206180681371719,-0.00446746674489211,0.181836158055823
"129",22,3,-0.275171328627535,0.459313705204623,0.00223913554385851,0.282214121891345,-0.00106893911208767,0.209292711406495,-0.00173213487821181,0.169395001302713,-0.0625810760713325,0.629674274637341,0.0136362199879123,0.665392017569519,-0.00816487000926649,0.338358352297083,1.01267398402778,0.281806626223862,-0.195134886824067,0.208360329419965,0.00249452490965712,0.168083672917512
"130",22,4,-0.557598022677005,0.510694713122232,-0.00198442943903415,0.0885471617091513,0.00264815298428679,0.0542056854171409,-0.00310183615268196,0.0725409762998586,-0.04314150161582,0.246536394822805,0.00987975577878402,0.151451871816471,0.0204793163802787,0.139726553993096,0.948046800982863,0.0870963158860303,-0.0962663799009325,0.0480190181560826,-0.129968088854587,0.0691894699557853
"131",22,5,-0.364472611453602,0.47663535317899,-0.00356314669799231,0.29342333732682,-0.00319869939098958,0.134098098739309,-0.00362193711116071,0.169644935996654,-0.0780275530627679,0.516475454912165,0.0209822501060751,0.455903921556654,0.00724118742199901,0.302116572117014,0.964760072259425,0.292784388744625,-0.174980658514755,0.132128005319723,-0.264060715029638,0.16844905016825
"132",22,6,-0.634769453372011,0.540944997043998,4.10688279880642e-05,0.00972062363245704,0.00106235296140017,0.0120321045992889,-0.00113394363295291,0.0165616465688905,-0.00182087338663069,0.0316716768837472,0.00458952894090521,0.0262605510718103,-0.00321538695726795,0.0247766362962432,0.745733646733507,0.00470785904795556,0.300234499842899,0.00716380865137435,0.235376269886285,0.00852712860712541
"133",23,1,-0.359181531809585,0.482256606653215,-0.000763175678404528,0.24648796148326,-0.00291865442547405,0.17393676720906,0.000344298367629767,0.160981133868154,-0.0572133221074894,0.458386605127856,0.00913476167992691,0.555300764808425,0.00149531539883395,0.308545640257067,0.966630264420021,0.245835394282857,-0.211650040646213,0.172277490820177,-0.0948861158087209,0.1584175148387
"134",23,2,-0.570018531086729,0.521483583854752,-0.00121527609445466,0.0521125249591539,0.00025574110694424,0.0561702681183206,-0.0024271940277477,0.0479927747586326,0.0292612171925009,0.0937074111144062,-0.00265991591534611,0.1240606860828,-0.0116584797422025,0.164761578032772,0.838696665382966,0.0513029870381613,0.194297946942417,0.0507148984531924,0.0521171794734988,0.046118549322551
"135",23,3,-0.548769512623973,0.520014638957933,-0.000479474671953964,0.0784209238008709,-0.000455097633494213,0.0686814801540885,0.00048075952269158,0.0588369796497987,0.0628496016255965,0.149700675568177,-0.0109056979021328,0.164754140239737,-0.0285137656511617,0.201796681642605,0.971323032291667,0.0777362382885641,-0.0764100948149233,0.0655512586555509,-0.0212118615237847,0.0572095598200074
"136",23,4,-0.587578635839118,0.525046439859675,-0.00335566615413244,0.0512728630750397,0.00150284781449334,0.0450511382093338,0.00326299160743164,0.0355753277289483,-0.00183010022066452,0.0973901392478722,-0.00549891003374253,0.110364441484338,0.0050127102172124,0.0824473700391768,0.765250804355216,0.0477230920620114,0.208328132452803,0.0416492739342308,0.195780082619485,0.0303943655236581
"137",23,5,-0.587515355474961,0.530279102797915,-0.000310355697601057,0.0462751385933112,-0.00114283990688074,0.0419496627933936,-0.000850377387309191,0.0412318736793035,0.0176228392830229,0.113361462854461,0.0105413640005201,0.142745294838154,-0.00196398170181893,0.0935588361860942,0.801144073196232,0.0446579227311264,0.225005526403972,0.0375099180314154,0.0565916095896025,0.0341534399586603
"138",23,6,-0.448419304584924,0.499226746405667,-0.000177679642152344,0.210220365873914,-0.00190058276925781,0.128456391971919,9.08911093530814e-05,0.0971384740760442,-0.00361559535653971,0.361205555664533,-0.00288508058393403,0.318722769807556,-0.00392848208392864,0.236107665078593,0.646352512905226,0.206406454030884,-0.00824489971623264,0.124903274804619,0.356712800503819,0.0935793621773646
"139",24,1,-0.37288971861018,0.458131342239008,-0.00058146715387527,0.218444409345481,0.000795139111559806,0.144768378917235,0.00126247644026131,0.158365751739569,-0.0235016015125808,0.547837896066598,0.00517619957163254,0.759968145741672,0.00108936626769666,0.399938480318444,1.018150782368,0.218019841356971,-0.134026081177252,0.143568760181468,-0.00245837453814116,0.154927991404714
"140",24,2,-0.40107393209093,0.479510901544534,-0.0011486063021054,0.252869628288293,-0.0036909585082786,0.160238683265107,-0.00269237892371557,0.174556500463399,-0.0117110678759719,0.518919324375923,0.00731997823402278,0.668552353610166,0.00157041796953125,0.370019422129376,1.00001782869439,0.251356466546833,-0.175535687132191,0.154617120608225,-0.0103490554255694,0.16411087797252
"141",24,3,-0.386127035537978,0.472875004571387,0.00060722715078125,0.277313146715107,-0.00178973367657102,0.160698714637517,0.00158596908701705,0.158590636127316,-0.0110864673520739,0.58012131754798,-0.00542059818872258,0.597149144516449,-0.00324392715457386,0.35484496899975,1.00771389122159,0.276053791312329,-0.141061413171631,0.156619121085571,0.00906403301216477,0.150982149095772
"142",24,4,-0.646030634746797,0.531910660158835,0.000286560079836282,0.00487350670309424,-0.000599219957464384,0.009642620987538,0.000582830965040671,0.00898403074124332,-0.00722576236906483,0.0260209478451082,0.0021774110628989,0.0196187351951364,-0.00591045741880284,0.0216899309254974,0.802453589275046,0.0044732425246799,0.189137802088475,0.00830246886780999,0.370072659457744,0.00737605637810072
"143",24,5,-0.607448127325834,0.524442309320958,-0.002004751832524,0.035986247607326,0.00490056427759556,0.0399910365793308,0.000588293598944294,0.0427243960868327,0.0044324272092731,0.11473797749042,-0.00271656374778958,0.128861695410449,-0.001849367199024,0.0883716380866308,1.0042016150702,0.0352368382622349,-0.0694728048728,0.0358814026158931,0.0490522396216146,0.0370107490888128
"144",24,6,-0.607105190495562,0.51861002140593,0.00121370178940972,0.0370619351846021,-0.00163077434949651,0.0278668196588805,0.00304181851737826,0.0311415511232487,-0.00270943409857281,0.0877517903901427,0.00136509359679036,0.128994889732508,0.000431986354774956,0.0658746094810486,0.247839368074284,0.0364260525897816,0.615996363802255,0.0272298304290669,0.543882259309538,0.0299976106314477
"145",25,1,-0.618266071476046,0.528512422589947,-0.00531517704290031,0.0291480118173846,0.00277286460866521,0.0236843644490908,0.0061574377152223,0.0299580099022846,0.021679285565766,0.0465061246312947,-0.0190660209153799,0.0865282673782299,0.0109550489135008,0.0466790493296315,0.72715584090266,0.0205402994905366,0.0783355171191533,0.0188139798056721,0.131823623322424,0.0222266892999272
"146",25,2,-0.3524150868468,0.490974462544024,-4.43160922887017e-05,0.206278805758484,-0.00276411892149543,0.171110765389469,0.00209800648412671,0.204560152210904,0.0434351054043582,0.394311255535782,-0.00615702549816346,0.734381854166315,-0.0251099615779206,0.474218303440489,0.755233639098558,0.205440335558898,-0.118115138671127,0.168082261055909,-0.197340032232332,0.201326257226079
"147",25,3,-0.503045724475319,0.493672507968984,-0.00118406569759469,0.113211692795143,0.000517823859628907,0.0904029326499178,-0.000401701409456358,0.107887851074573,-0.00148877109035789,0.189183676101756,-0.00353147307769397,0.400586304273991,0.00465116149769343,0.235796209200555,0.765784624097522,0.109658502253202,-0.0156689052426886,0.0879821218438545,-0.0657360149092134,0.104935190542791
"148",25,4,-0.390424361597313,0.494992443458802,-0.000188539551267548,0.235386542869294,-0.000708031071733173,0.17018158616555,-0.000851539251090144,0.148568933710353,-0.0259418372837255,0.398699930951726,0.0119722559498606,0.570431157999535,-0.0053519181145887,0.415776469411105,0.946695511766827,0.23465783388777,-0.230607954536685,0.167729749632344,-0.16094455765905,0.14519675673481
"149",25,5,-0.411356169105931,0.488781872071924,0.000129703110944679,0.190685548447674,-0.000709608277498733,0.149361536497456,0.00140433035834248,0.139005328929751,0.0233357657625509,0.334616781256612,-0.00826135803923416,0.485082624717295,-0.01566801772851,0.373408918659812,0.766341766247889,0.189793013296182,0.0737818501647508,0.147888351099893,-0.158504043835431,0.136502796369211
"150",25,6,-0.546511966282164,0.51326567936798,-0.00131722051262093,0.115145141885037,2.79308287525685e-05,0.0784793900787876,0.00211985012281571,0.0718388803092084,-0.023215989195403,0.202145307399207,0.00969656770373091,0.238104039560088,-0.0044712287278339,0.0845153820583965,0.964969755404538,0.112002560116123,-0.191545211029795,0.0743662442821061,-0.0948616246505351,0.0644853566567571
"151",26,1,-0.350656176141418,0.477919744492651,-0.00228812696744465,0.343680633300121,-0.000754309108882415,0.183372686965089,0.00098172322296107,0.12772400635396,0.0220375828980403,0.546919236463382,-0.0145387677972007,0.501866662646037,0.000159017679928496,0.292248991237046,0.993149900887182,0.343048625048231,-0.218022503323652,0.18193878052325,0.085196447683456,0.125141341808583
"152",26,2,-0.606213262868237,0.531946057689344,0.00108632533797614,0.0449657838460748,0.00285240037825159,0.0340006120127148,0.0066418048106215,0.0272805828265216,0.00819897289058259,0.101788758592676,-0.000367317821213637,0.0797936641906304,-0.00252482828190963,0.0602299847018458,1.00478077622159,0.0428269659043727,-0.138601033206364,0.0312310814754589,-0.0588467876316051,0.022031232063554
"153",26,3,-0.494603811334928,0.512500904127215,0.00237741545714437,0.200391880777237,-0.00110231586772016,0.106017358161508,-0.00154087817223187,0.0663538426883984,0.02641036149815,0.305162213061762,-0.0100814550144716,0.231125983304683,0.00420609560295359,0.179141553118568,0.994554478140625,0.197489229196347,-0.218405165951531,0.102822021962015,-0.0465778194787969,0.0611393000506266
"154",26,4,-0.640646647041712,0.537450492429658,0.00111684291632318,0.00774136465962922,0.00135269222705148,0.0102765400754171,-0.00205079129092923,0.0130191481452071,0.00344809248215865,0.0236983540771103,0.00316354665384038,0.0224849162865748,0.0117113079494584,0.0190421796470806,0.514724843145032,0.00496292662449251,0.605300965779447,0.00578289908385317,-0.0348567295204327,0.00931461596163122
"155",26,5,-0.565474693900181,0.529491535462014,-0.000658505749399282,0.0484512490041598,0.000190551281564612,0.0585141759689302,-1.48458414215541e-05,0.068654803741359,0.0215990701307241,0.126064457249399,-0.00871043403790583,0.255585385951173,-0.0187040818659176,0.177111436924726,0.950420405665118,0.0474736563815427,-0.0232061633624367,0.053695832605059,-0.122087950934647,0.0659235241572701
"156",26,6,-0.449919224806036,0.488123287418286,0.000800064726291879,0.189789188541505,0.00192232496122636,0.138497210244469,-0.00252131965277627,0.0699106833771698,-0.0444252356068894,0.414190842090885,0.00950095072561986,0.352759112773743,-0.0023561108571618,0.180219248890231,0.744723105664063,0.189133018491717,0.189482829224815,0.137724309614171,0.0745137736936554,0.0678606858890115
"157",27,1,-0.504921225839389,0.502152901790692,-0.00207769069231716,0.134612685509857,0.000346900536089912,0.100800359811958,-0.00310643039798109,0.112083805488052,0.0293543882393484,0.296920747498669,0.00940411456732593,0.224116106699754,-0.0112792930335096,0.215177780711788,0.940311458497807,0.13415415207293,-0.0701725013152741,0.0987680006402323,-0.330321074614145,0.109395077028431
"158",27,2,-0.645695379144144,0.541652180728814,9.2374680487117e-05,0.00372150503368641,0.00160169659365165,0.00867176109589807,0.000314140951395833,0.00865611163690351,-0.00177221144675407,0.0184446180728251,-0.00546831997465319,0.0141836922241877,0.000152224824882966,0.00973203078903421,0.990093524647672,0.00313919451962953,-0.0230099390439338,0.00593261912793368,-0.0774676133026961,0.00703332210734803
"159",27,3,-0.647766914224336,0.535746295836136,0.000679397504451527,0.00444984166703435,-0.000614100154270241,0.007584803333646,0.00148877132962678,0.00915623346905697,0.00113279204542195,0.0236248664665827,0.00149940216935281,0.0163049376545758,0.00223452918174687,0.010683014410632,0.992643477308239,0.00330404033486452,-0.0494083663963778,0.00621046263056937,-0.204850241855469,0.00753484992488819
"160",27,4,-0.532039737151947,0.506216540767754,-0.000440374594444643,0.10462306013732,-0.0010977158092808,0.0677632945457348,-0.000723765360871406,0.0834780045469108,0.0192168538623313,0.166616735670063,-0.00689620101260491,0.16311058353097,-0.000122892153705022,0.164904091711875,0.603767673296875,0.103296524012361,-0.0339867470561674,0.0652530870225153,0.31019425440075,0.0823237410998569
"161",27,5,-0.64170460615397,0.541419654592158,-0.000973940914119893,0.00681292905035373,0.000699887100172168,0.009128402865007,0.00146068322712363,0.00868803640263826,-0.011590347238682,0.0188344190520757,0.00189142611642832,0.0229893852263371,-0.00079551821993959,0.0138439241058684,0.636123514385742,0.00469058308099928,-0.0355677800244336,0.00601493100402514,0.432281454047852,0.00619317983634298
"162",27,6,-0.373517917978332,0.479914501179301,0.00117838508418285,0.322801634118813,0.000506038970384291,0.140677026168679,-0.00381590641847652,0.174548467947778,0.0517882056144204,0.438957878080287,0.00538142129599599,0.346144816398203,-0.0207654178543285,0.283849955338912,0.978310150031672,0.322232824729559,-0.0367773646119191,0.139272312413912,-0.249320845198469,0.172873906639401
"163",28,1,-0.628740034307067,0.529830713024489,9.53660009045139e-05,0.0219266976707298,0.00190619336167882,0.0185442474539675,-0.000335399250777185,0.0200689014173185,-0.0096245876008967,0.0503590009385819,0.00473008511324537,0.0452121471625607,-0.00138156242521875,0.0335863526786026,0.989765677170139,0.0206632882689359,-0.2653253919981,0.0161185955418624,-0.000904240665509259,0.0171702874574038
"164",28,2,-0.635959370222493,0.536453545706358,-0.00117805212431235,0.00935561264008578,0.0031262046850216,0.0121006051182117,-0.000416754273604013,0.0128434944121725,0.00335536324835616,0.0169728976731179,0.00175247743872595,0.0300079845439819,0.0114761707479758,0.0176515510650208,0.727502929090074,0.00618870700321168,0.307467526894914,0.00787572061361109,0.352143164749084,0.00944487617790296
"165",28,3,-0.645323108815461,0.539739362451975,-0.000442475772705027,0.00464354939298926,-0.00171340778379382,0.00674820506537416,-0.00115193332895958,0.00876919441214935,-0.0107288214521861,0.0140022296322323,-0.00251102884887048,0.0130011371973293,-0.000377078583231183,0.0122800525267538,0.921262138502038,0.00330118800588851,-0.0403265388009511,0.00454900246971458,0.132871174438859,0.00627611697300828
"166",28,4,-0.417625142869937,0.482941369841135,0.000138389335232205,0.222432453952301,-0.000254040816831597,0.149334860224138,0.000714610712911892,0.116500906815015,0.019682883168357,0.405480985295891,-0.0044067646093737,0.358009995911459,-0.00486918547919596,0.254417832533052,0.892595499305556,0.222002709072346,-0.0588263604929449,0.148145907575652,-0.0569577076199219,0.115439169616514
"167",28,5,-0.600593022854254,0.535591925156719,-0.00139963126096242,0.0382138130561578,-0.000778705764029074,0.0312163423327935,-0.000275341424580696,0.0249035501392915,0.00429367765922686,0.0894421939041499,-0.0022591829968661,0.0708189496901051,0.00281739184526661,0.0534928689805543,0.467174974529272,0.0365366583966669,0.391483574654945,0.0301045455602325,0.361692390519225,0.0236962129697238
"168",28,6,-0.388815039995114,0.481978925773899,-0.00172394500580762,0.333818544296966,-0.00291034342739102,0.1625359734561,0.000136344923835205,0.142921048337087,0.0534718862780178,0.479178940968364,-0.00936167673446289,0.399815113597228,-0.0257223318926367,0.318230620960457,0.960991287050781,0.333239693989608,-0.206334726857869,0.160454482084116,-0.238454913436084,0.140808383943972
"169",29,1,-0.367614372239132,0.489145530798531,-0.00329584806275855,0.245626534501317,-0.000497196888627064,0.14909041534269,-0.00972038955800478,0.114749680417605,-0.0249146098595268,0.505569673028097,0.00960091412369104,0.475437982338164,-0.00279439983446507,0.311280411045243,0.941492556804245,0.244949106649074,-0.278997365091294,0.147946662719682,-0.171359621245946,0.111600762347113
"170",29,2,-0.643608574442588,0.536062525293838,-1.94579563620855e-05,0.00621955187443026,0.0002139517167103,0.00762819121497643,-0.000241787248446955,0.00890460249246789,0.00749501940340115,0.0120548557294126,0.0147445011486055,0.0256837324808741,0.00143113497772063,0.0110827461872575,0.83657266278699,0.00437241872031701,0.133951169462532,0.00525891365933677,0.0989399161830357,0.00743416858365431
"171",29,3,-0.638375223319423,0.534013425382753,-0.000297012918126693,0.0055777859198992,0.000990652389217774,0.0122348766251109,-0.00125734311723784,0.0121458276703604,0.000279634932058269,0.0523384882616954,-0.000823979497039388,0.029145539118332,-0.000146716821513672,0.0250314498287536,0.965734000732422,0.00479545443784565,-0.196581821640625,0.0103696399995698,-0.0163610945166016,0.0104557073379314
"172",29,4,-0.450088100233472,0.499079630292118,-0.000233579327576823,0.147914992995207,-0.000649997603847734,0.0984040325714347,-0.00455688218151385,0.0773345354660988,0.0234350654922721,0.40577900599779,-0.00838672533193802,0.335882093711767,-0.00437095365119922,0.205832060007529,0.392061142895443,0.146681517110749,0.28680643623599,0.0981547553961231,0.330949020777786,0.0764226136734056
"173",29,5,-0.635233021372281,0.540166463777395,-0.00140605224517043,0.0115761798697386,-0.000119511440680524,0.00751734579365375,-0.000174156592023798,0.00718556632347268,-0.00401930426629246,0.0192990032711733,-0.0112810135743416,0.0317280443814205,0.0129605060230344,0.0188851810785896,0.0822950436141836,0.00861712866886464,0.652368997307692,0.00602214450433051,0.569780855782452,0.00623307778649833
"174",29,6,-0.201501349290935,0.467386142437921,-0.00363043969125906,0.389445426067567,-0.00249320641218863,0.223928066201952,-0.00590675308072011,0.164978906673679,-0.0622992015445426,0.843858847203511,0.00925937298686594,0.701762183075195,0.00101903399343863,0.439959010630323,0.966926035192074,0.388989520851884,-0.247853177595353,0.222376887837554,-0.122116972856293,0.162345278657467
"175",30,1,-0.320156215921685,0.471183198758844,0.000663342887379808,0.308835575381302,-0.00199305429857692,0.203807134966145,0.00105218781866346,0.160942989749023,-0.00832687919509615,0.474491541651508,0.00376636942792067,0.462675479161138,0.000424563355734855,0.35395949916542,0.938798682367789,0.308176413199498,-0.361295096957512,0.202464822784031,-0.222185608567284,0.159836272395915
"176",30,2,-0.634324725486067,0.525134403860126,-0.000391251944889183,0.0105256724348726,-0.000421710545545913,0.016158191709155,-0.000987267924832332,0.0156388013231779,0.00305127572421034,0.0531576191282674,-0.00114499242694856,0.0414604304566209,0.00628850653708678,0.0307432284470205,0.974994689206731,0.00994162663432403,-0.242054286128606,0.0142666624134604,-0.0594310380637019,0.0126870271434143
"177",30,3,-0.410218650320795,0.484231688272364,0.00104065987636169,0.238095246368168,-0.00047034101797253,0.16466045859967,-0.00197195250890045,0.122494419531834,0.00610720333206401,0.358937287295237,-0.000264576780720766,0.366111936767368,-0.0142680492504398,0.372534794482781,0.919937351965726,0.23713457566688,-0.376451392373362,0.16202757083577,-0.251566352217046,0.120797994457925
"178",30,4,-0.633299421150459,0.534234584080863,-0.00166099383367566,0.0153266528107504,-0.000815561165426915,0.0113090474556309,0.0024758520093067,0.015038323938794,-0.00328671621974647,0.0279015755518557,-0.0242464213515373,0.0396499024305675,0.00717713179396443,0.0154740374278624,0.402211934909274,0.00937430548211428,0.491704782754788,0.0100124879909516,0.580472745561996,0.00968180969627225
"179",30,5,-0.643621631175702,0.533511408619837,0.000211570367350238,0.00399083958242566,0.00139571800778218,0.00780332332820782,-0.00154344649900026,0.0111420993357887,0.0113249122176533,0.0140303276198816,0.00998464611844465,0.0225085489811168,-0.00705129645295233,0.014867285720482,0.997529353641419,0.00377192768164316,0.0646561425454184,0.00592692819997428,-0.0241786278399894,0.00785571821141535
"180",30,6,-0.511518248053225,0.51544700024783,0.000157637429838728,0.102017960988876,-0.000218922797500223,0.0760104931312145,0.000591800592335045,0.0663153736671121,-0.0102407724944783,0.20951525847454,0.00107858362147076,0.206031683499127,0.00262081933286676,0.139366448638955,0.497791196316964,0.0996485161427633,0.208167572915625,0.0751625661068708,0.370605046506339,0.0653012745268103
